,Date,AdjClose,roll_mean,roll_sd,ubb,lbb,buy,sell
0,2019-10-14,294.5084,,,,,0,0
1,2019-10-15,297.4241,,,,,0,0
2,2019-10-16,296.9464,,,,,0,0
3,2019-10-17,297.8221,,,,,0,0
4,2019-10-18,296.5185,,,,,0,0
5,2019-10-21,298.5287,,,,,0,0
6,2019-10-22,297.5535,,,,,0,0
7,2019-10-23,298.4192,,,,,0,0
8,2019-10-24,298.9068,,,,,0,0
9,2019-10-25,300.1308,,,,,0,0
10,2019-10-28,301.8226,,,,,0,0
11,2019-10-29,301.733,,,,,0,0
12,2019-10-30,302.6585,,,,,0,0
13,2019-10-31,301.8524,,,,,0,0
14,2019-11-01,304.6487,,,,,0,0
15,2019-11-04,305.8727,,,,,0,0
16,2019-11-05,305.5344,,,,,0,0
17,2019-11-06,305.604,,,,,0,0
18,2019-11-07,306.6788,,,,,0,0
19,2019-11-08,307.4351,301.0299349999999,3.896503479338877,308.8229419586777,293.23692804132213,0,0
20,2019-11-11,306.848,301.6469149999999,3.7848605835792104,309.21663616715836,294.0771938328415,0,0
21,2019-11-12,307.4948,302.15045,3.8625929771129215,309.8756359542258,294.42526404577416,0,0
22,2019-11-13,307.5943,302.68284499999993,3.841308325157057,310.36546165031405,295.0002283496858,0,0
23,2019-11-14,308.0421,303.1938449999999,3.8404337442088066,310.8747124884175,295.5129775115823,0,0
24,2019-11-15,310.2712,303.8814799999999,3.813422144506198,311.5083242890123,296.2546357109875,0,0
25,2019-11-18,310.5001,304.48004999999995,3.868154303989604,312.21635860797915,296.74374139202075,0,0
26,2019-11-19,310.4105,305.12289999999996,3.722037900482886,312.56697580096574,297.6788241990342,0,0
27,2019-11-20,309.2562,305.6647499999999,3.4754045828090105,312.6155591656179,298.7139408343819,0,0
28,2019-11-21,308.7586,306.1573399999999,3.150099620212417,312.45753924042475,299.8571407595751,0,0
29,2019-11-22,309.4452,306.62305999999995,2.890022412661083,312.40310482532215,300.84301517467776,0,0
30,2019-11-25,311.8435,307.12410499999993,2.882615927366953,312.8893368547338,301.35887314526605,0,0
31,2019-11-26,312.55,307.6649549999999,2.8322017294480535,313.329358458896,302.0005515411038,0,0
32,2019-11-27,313.9432,308.2291899999999,2.905444181985024,314.04007836396994,302.41830163602987,0,0
33,2019-11-29,312.7789,308.7755149999999,2.660208759768981,314.0959325195379,303.455097480462,0,0
34,2019-12-02,310.1219,309.049175,2.4893653479665985,314.0279056959332,304.07044430406677,0,0
35,2019-12-03,308.0421,309.15764499999995,2.3889080162226084,313.9354610324452,304.3798289675547,0,0
36,2019-12-04,309.9428,309.378065,2.235451363883461,313.84896772776693,304.90716227223305,0,0
37,2019-12-05,310.5001,309.62287,2.0617368682226105,313.7463437364452,305.49939626355473,0,0
38,2019-12-06,313.3362,309.95574,2.098491214232123,314.15272242846424,305.75875757153574,0,0
39,2019-12-09,312.351,310.201535,2.0754832406920527,314.3525014813841,306.0505685186159,0,0
40,2019-12-10,312.0027,310.45926999999995,1.953599036622806,314.3664680732456,306.5520719267543,0,0
41,2019-12-11,312.8884,310.72894999999994,1.8942083313696993,314.51736666273933,306.94053333726055,0,0
42,2019-12-12,315.5852,311.128495,2.0356931853079563,315.1998813706159,307.05710862938406,0,0
43,2019-12-13,315.7743,311.515105,2.1497271835413407,315.81455936708267,307.21565063291735,0,1
44,2019-12-16,317.9436,311.89872499999996,2.561251488273427,317.0212279765468,306.7762220234531,0,0
45,2019-12-17,318.0133,312.27438499999994,2.876855386350217,318.0280957727004,306.5206742272995,0,1
46,2019-12-18,318.0332,312.6555199999999,3.1122360087747687,318.87999201754945,306.43104798245037,0,0
47,2019-12-19,319.3368,313.15954999999997,3.3406385118477844,319.8408270236955,306.4782729763044,0,0
48,2019-12-20,320.73,313.7581199999999,3.5748763620281916,320.9078727240563,306.6083672759435,0,0
49,2019-12-23,321.22,314.34685999999994,3.7903003458826934,321.9274606917653,306.76625930823457,0,0
50,2019-12-24,321.23,314.8161849999999,4.037108419241301,322.8904018384825,306.7419681615173,0,0
51,2019-12-26,322.94,315.3356849999999,4.3837607868219,324.1032065736437,306.5681634263561,0,0
52,2019-12-27,322.86,315.7815249999999,4.6782286892947536,325.13798237858936,306.4250676214104,0,0
53,2019-12-30,321.08,316.19657999999987,4.765243226199531,325.72706645239896,306.6660935476008,0,0
54,2019-12-31,321.86,316.7834849999998,4.700093820482793,326.1836726409654,307.3832973590342,0,0
55,2020-01-02,324.87,317.62487999999985,4.556936636728271,326.7387532734564,308.5110067265433,0,0
56,2020-01-03,322.41,318.24823999999984,4.296015444008143,326.8402708880161,309.65620911198357,0,0
57,2020-01-06,323.64,318.90523499999983,4.046205363609051,326.99764572721796,310.8128242727817,0,0
58,2020-01-07,322.73,319.3749249999999,3.908602399279909,327.19212979855973,311.5577202014401,0,0
59,2020-01-08,324.45,319.9798749999999,3.6947178184215845,327.36931063684307,312.5904393631567,0,0
60,2020-01-09,326.65,320.7122399999999,3.4754472038481183,327.66313440769613,313.76134559230366,0,0
61,2020-01-10,325.71,321.3533199999999,3.1207404098857188,327.5948008197713,315.11183918022846,0,0
62,2020-01-13,327.95,321.97155999999984,3.1425932816869957,328.25674656337384,315.68637343662584,0,0
63,2020-01-14,327.45,322.5553449999999,3.0125451116909017,328.5804352233817,316.53025477661805,0,0
64,2020-01-15,328.19,323.06766499999986,3.057904703391753,329.1834744067834,316.95185559321635,0,0
65,2020-01-16,330.92,323.71299999999985,3.2883226925783204,330.2896453851565,317.1363546148432,0,0
66,2020-01-17,331.95,324.4088399999999,3.4894761432204486,331.3877922864408,317.42988771355897,0,0
67,2020-01-21,331.3,325.0069999999999,3.5979454663664496,332.20289093273277,317.811109067267,0,1
68,2020-01-22,331.34,325.5374999999999,3.714442474280153,332.96638494856023,318.1086150514396,0,0
69,2020-01-23,331.72,326.0624999999999,3.8128216861697153,333.6881433723393,318.43685662766046,0,0
70,2020-01-24,328.77,326.43949999999995,3.6803138810647265,333.8001277621294,319.0788722378705,0,0
71,2020-01-27,323.5,326.4675,3.6543267433780793,333.77615348675613,319.1588465132438,0,0
72,2020-01-28,326.89,326.669,3.5546883792653436,333.77837675853067,319.5596232414693,0,0
73,2020-01-29,326.62,326.946,3.3031984499875113,333.55239689997507,320.339603100025,0,0
74,2020-01-30,327.68,327.237,3.0804051339837804,333.3978102679676,321.07618973203245,0,0
75,2020-01-31,321.73,327.08000000000004,3.2808888397730374,333.6417776795461,320.51822232045396,0,0
76,2020-02-03,324.12,327.16550000000007,3.173300581247746,333.5121011624956,320.81889883750455,0,0
77,2020-02-04,329.06,327.4365000000001,3.0866269701134126,333.6097539402269,321.2632460597733,0,0
78,2020-02-05,332.86,327.94300000000004,3.1047537405523222,334.1525074811047,321.7334925188954,0,0
79,2020-02-06,333.98,328.4195,3.267492962985209,334.95448592597046,321.8845140740296,0,0
80,2020-02-07,332.2,328.697,3.344080551787307,335.3851611035746,322.0088388964254,0,0
81,2020-02-10,334.68,329.1455,3.5193128441127395,336.1841256882255,322.10687431177456,0,0
82,2020-02-11,335.26,329.5110000000001,3.7599816628892233,337.03096332577854,321.9910366742216,0,0
83,2020-02-12,337.42,330.00950000000006,4.116374842273887,338.24224968454786,321.77675031545226,0,0
84,2020-02-13,337.06,330.4530000000001,4.379446131767443,339.211892263535,321.6941077364652,0,0
85,2020-02-14,337.6,330.78700000000015,4.662514681788677,340.1120293635775,321.4619706364228,0,0
86,2020-02-18,336.73,331.0260000000002,4.84423737955459,340.71447475910935,321.337525240891,0,0
87,2020-02-19,338.34,331.37800000000016,5.113488458041786,341.60497691608373,321.1510230839166,0,0
88,2020-02-20,336.95,331.6585000000001,5.262977219267303,342.1844544385347,321.1325455614655,0,0
89,2020-02-21,333.48,331.74650000000014,5.278750126188692,342.30400025237753,321.18899974762274,0,0
90,2020-02-24,322.42,331.4290000000002,5.645430289880034,342.7198605797603,320.1381394202401,0,0
91,2020-02-25,312.65,330.8865000000002,6.84198514975544,344.57047029951104,317.2025297004893,0,0
92,2020-02-26,311.5,330.11700000000013,8.07029713142422,346.25759426284856,313.9764057371517,0,0
93,2020-02-27,297.51,328.66150000000016,10.872665036687199,350.4068300733746,306.91616992662574,0,0
94,2020-02-28,296.26,327.09050000000013,13.069883209319938,353.23026641864,300.9507335813603,0,0
95,2020-03-02,309.09,326.4585000000002,13.636077640621318,353.73065528124283,299.18634471875754,1,0
96,2020-03-03,300.24,325.26450000000017,14.84363782727698,354.9517756545541,295.5772243454462,0,0
97,2020-03-04,312.86,324.45450000000017,15.065963548063507,354.5864270961272,294.32257290387315,0,0
98,2020-03-05,302.46,322.9345000000002,15.693745812634345,354.3219916252689,291.5470083747315,0,0
99,2020-03-06,297.46,321.10850000000016,16.44742989841138,354.0033597968229,288.2136402031774,0,0
